Puntos iniciales 4160
Valor fitness (3.1739170538489816, 1088.0)
Fronteras [[array([ 9.54811633, 19.5842975 , 11.86918143,  8.65716108,  5.23255509,
         15.16412929,  7.80248552])
  array([1555., 1526., 1537., 1577., 1801., 1535., 1596.])]
 [array([2.35075122, 0.00695814, 3.17219581, 0.04307455, 0.36227962,
         0.01286621])
  array([1419., 1484., 1401., 1438., 1430., 1447.])]
 [array([0.00695814, 0.00870695, 0.01775633, 0.01093814, 2.6734435 ,
         2.34037113, 0.01951791, 0.04651803, 0.32829772, 0.70392221])
  array([1484., 1423., 1380., 1393., 1280., 1294., 1340., 1305., 1297.,
         1295.])                                                       ]
 [array([3.80012840e-03, 1.71002197e-03, 1.71002197e-03, 2.21133493e-02,
         6.80192982e-03, 2.36762776e-01, 5.23269043e-02, 2.37157605e-03,
         1.89482012e+00])
  array([1361., 1561., 1561., 1237., 1278., 1204., 1205., 1560., 1195.])]
 [array([7.71695391e-03, 9.02107514e-04, 2.27603564e-04, 1.27487074e-03,
         1.82633382e-04, 1.00948537e-01, 9.83155458e-01, 1.44641059e+00,
         1.23426842e-01, 2.08802508e-02])
  array([1187., 1389., 1558., 1242., 1561., 1167., 1157., 1146., 1158.,
         1168.])                                                       ]
 [array([1.27487074e-03, 1.27487074e-03, 5.10276215e-03, 1.10386291e-04,
         7.43963541e-01, 5.33635820e-01, 1.51293261e-04, 1.51293261e-04,
         2.27300459e-03, 1.39064847e+00, 3.17391705e+00, 1.38642162e-02,
         2.76563799e+00])
  array([1242., 1242., 1164., 1511., 1101., 1105., 1331., 1331., 1197.,
         1099., 1088., 1107., 1098.])                                  ]]
Puntos de malla [[-3.226576  4.186203  2.250631]
 [-3.67151   4.212934  1.938762]
 [-2.776431  4.031706  2.486114]
 ...
 [ 9.675467  1.001828 -4.823538]
 [ 2.385008  9.760868 -4.823537]
 [ 8.123083  5.662566 -4.823537]]
Caras de malla [[1073 1071  649]
 [ 645 1073  649]
 [ 128  479  125]
 ...
 [  20  978   21]
 [ 822  911  810]
 [ 911  822  912]]
