Puntos iniciales32216Valor fitness(2.2365502265735832e-07, 11114.0)Fronteras[[array([8.52522243e-05, 3.11899816e-05, 6.24430807e-05, 7.66484371e-05,
         6.26210828e-05, 5.15989053e-05, 5.84046960e-05, 3.72515940e-05,
         3.76984622e-05, 3.60569639e-05, 3.09455250e-05, 4.99302012e-05,
         5.72147654e-05])
  array([12026., 16978., 12235., 12156., 12201., 13489., 12791., 16149.,
         14565., 16640., 17172., 13830., 13274.])                       ]
 [array([1.89904751e-05, 3.62137941e-05, 1.92239833e-05, 5.40143888e-05,
         1.32631619e-05, 4.74693966e-05, 1.83908571e-05, 3.89811807e-05,
         3.78099266e-05, 3.01304594e-05, 3.05345453e-05, 6.35811535e-05,
         2.97949900e-05, 2.98516104e-05, 3.07031023e-05, 2.07188417e-05,
         4.85025452e-05])
  array([14283., 12425., 13580., 11950., 14384., 12099., 14310., 12140.,
         12378., 12658., 12626., 11930., 12734., 12701., 12439., 13041.,
         11989.])                                                       ]
 [array([6.31541355e-06, 7.30724546e-06, 4.20904109e-05, 4.69038912e-05,
         3.60835891e-05, 1.55901766e-05, 1.82450327e-05, 1.48102726e-05,
         2.15873584e-05, 2.60512240e-05, 3.55542799e-05, 1.54188564e-05,
         2.84986459e-05, 3.91782045e-05, 1.85857606e-05, 3.45104655e-05,
         2.26669930e-05, 9.55392637e-06, 1.38173152e-05, 3.09819520e-05])
  array([13674., 13138., 11793., 11778., 11804., 12168., 12155., 12274.,
         12023., 11909., 11811., 12259., 11895., 11802., 12079., 11836.,
         11936., 12507., 12441., 11870.])                               ]
 [array([8.67567725e-06, 1.73512336e-05, 7.19023730e-06, 6.47595308e-06,
         8.91179142e-06, 2.94948989e-06, 3.53097861e-08, 1.04372409e-05])
  array([11667., 11628., 11681., 11707., 11650., 11733., 11782., 11643.])]
 [array([2.83188410e-09, 3.05872938e-06, 3.19832065e-08])
  array([11470., 11318., 11327.])]
 [array([8.99267207e-10, 8.99267207e-10, 4.45652289e-08, 4.09258871e-09,
         1.14256462e-08, 2.23655023e-07, 2.08595095e-07, 5.10798729e-08,
         6.32589385e-09])
  array([11378., 11378., 11185., 11315., 11203., 11114., 11160., 11173.,
         11266.])                                                       ]]Puntos de malla[[ 0.022816 -0.013585  0.028173]
 [ 0.022684 -0.013589  0.02866 ]
 [ 0.02273  -0.013256  0.028668]
 ...
 [ 0.01717  -0.031567  0.028151]
 [ 0.017053 -0.031809  0.028151]
 [-0.021196 -0.015584  0.028151]]Caras de malla[[ 2065 11079 10932]
 [ 1227  1249  1228]
 [ 1249  1227  1237]
 ...
 [ 3137  3088  3138]
 [  330  1308   333]
 [  330   333   332]]