Puntos iniciales 1594
Valor fitness (0.0006539518386747822, 339.0)
Fronteras [[array([0.018247  , 0.0209003 , 0.00917623, 0.0052564 , 0.00581054,
         0.00576993, 0.00582867, 0.01520331, 0.01683141, 0.00888814,
         0.00865466, 0.00657635, 0.00509884, 0.00855012, 0.00599734,
         0.0123863 , 0.00729706, 0.006009  , 0.00845316])
  array([568., 567., 633., 936., 920., 925., 896., 613., 579., 696., 701.,
         810., 939., 709., 860., 615., 773., 826., 770.])                 ]
 [array([0.00397835, 0.01277445, 0.00443594, 0.00418341, 0.01006631,
         0.00733879, 0.00656809, 0.00493606, 0.00905408, 0.00998899,
         0.00781948, 0.00755982, 0.01004674, 0.00429849, 0.00653037,
         0.00541878, 0.0075902 ])
  array([889., 522., 628., 670., 535., 574., 582., 614., 549., 547., 552.,
         570., 538., 664., 589., 591., 569.])                             ]
 [array([0.00302381, 0.00408359, 0.00608185, 0.00373969, 0.00331444,
         0.00502454, 0.00572284, 0.00651474, 0.00299594, 0.00620857,
         0.00549703, 0.00576856, 0.00306392])
  array([572., 507., 489., 537., 540., 505., 498., 470., 593., 485., 503.,
         497., 549.])                                                     ]
 [array([0.00175057, 0.00188931, 0.00159937, 0.00096612, 0.00538105,
         0.00307131])
  array([451., 425., 472., 488., 421., 423.])]
 [array([7.14508371e-07, 5.85892758e-04, 4.75590742e-05, 4.65025595e-04,
         1.17697922e-03, 1.00731520e-06])
  array([452., 390., 404., 401., 380., 406.])]
 [array([2.10070916e-05, 1.73960259e-04, 6.12368722e-07, 1.24809682e-04,
         2.98559437e-05, 6.53951839e-04])
  array([362., 350., 365., 352., 354., 339.])]]
Puntos de malla [[-0.008213  0.235556  0.074224]
 [ 0.003489  0.143473  0.095652]
 [-0.031868  0.140117  0.089355]
 ...
 [-0.266784  0.227982 -0.073404]
 [ 0.197755 -0.20994  -0.087168]
 [-0.181191 -0.262914 -0.07594 ]]
Caras de malla [[327 254 328]
 [254 154 328]
 [327 255 254]
 ...
 [ 17  38  37]
 [ 17  16  26]
 [ 16  17  37]]
