Puntos iniciales23395Valor fitness(0.2319858454129644, 7657.0)Fronteras[[array([4.51081667, 5.40090335, 2.85488717, 1.92337183, 5.18468812,
         4.00628072, 4.65119671, 6.75030585, 3.59927172, 4.83470617,
         2.54411195, 5.63071394, 2.12475243, 2.91821655, 2.95766932,
         3.62959916, 4.24030862])
  array([ 9067.,  8696., 11458., 12882.,  8774.,  9502.,  8794.,  8641.,
         10157.,  8776., 11818.,  8666., 12486., 10543., 10189.,  9712.,
          9259.])                                                       ]
 [array([0.09199611, 4.53394758, 2.54634038, 0.41800721, 0.29869696,
         0.90400531, 0.03808345, 1.26810401, 1.55683715, 1.32962431,
         3.2396194 , 3.81890112, 1.39238089])
  array([9338., 8479., 8520., 8925., 9279., 8917., 9803., 8841., 8572.,
         8745., 8484., 8483., 8699.])                                  ]
 [array([1.58092433e-03, 1.55562016e-02, 1.95233961e-02, 6.79111397e-02,
         2.10126553e+00, 5.38952110e-02, 2.33107647e+00, 3.45794240e-01,
         3.20505848e-03, 1.33782806e+00, 9.39761435e-03, 1.04626457e-01,
         2.04423819e+00, 7.36059446e-01])
  array([8768., 8457., 8403., 8329., 8241., 8351., 8239., 8276., 8522.,
         8259., 8504., 8316., 8244., 8266.])                           ]
 [array([0.00158092, 0.00172422, 0.67054181, 0.02009128, 0.00259818,
         0.01282351])
  array([8768., 8223., 8006., 8008., 8048., 8036.])]
 [array([3.55099301e-04, 9.80229675e-04, 1.41916008e-02, 5.25757578e-05,
         5.25757578e-05, 1.53856059e-03, 8.28651812e-03, 6.66600636e-02,
         3.53214298e-03, 1.67488595e-02, 6.24846468e-02, 3.34449521e-02,
         3.19313535e-03])
  array([7980., 7923., 7848., 8048., 8048., 7919., 7855., 7805., 7879.,
         7837., 7816., 7819., 7883.])                                  ]
 [array([5.25757578e-05, 5.25757578e-05, 3.30655845e-04, 1.00988663e-04,
         2.43156957e-04, 2.17755066e-03, 3.68060759e-03, 5.40705444e-04,
         1.22023256e-02, 1.55784431e-02, 2.31985845e-01, 8.75060358e-02])
  array([8048., 8048., 7854., 8047., 7880., 7757., 7732., 7771., 7709.,
         7680., 7657., 7675.])                                         ]]Puntos de malla[[  3.348427   8.841011  28.817814]
 [  3.152786   8.178566  28.770018]
 [-13.373428  14.148926  23.39089 ]
 ...
 [  3.588165  -7.252525  30.362341]
 [  1.86676   -8.390533  30.075626]
 [  2.827065  -6.984184  31.64963 ]]Caras de malla[[7463 4347 7444]
 [7463 1520 6552]
 [4347 7463 6552]
 ...
 [6648 6649 6337]
 [6337 6649 3094]
 [6649 6817 3094]]