Puntos iniciales 13264
Valor fitness (2.845471642729592, 4439.0)
Fronteras [[array([ 9.53473797,  9.65347688,  6.9219019 , 12.25568946,  7.71638333,
          5.22375638,  6.61709109,  5.90432679,  5.01101115,  9.08931042,
          8.83538366,  5.28594383,  8.05488049])
  array([5140., 4972., 6055., 4906., 5861., 7742., 6311., 6488., 7831.,
         5193., 5284., 7338., 5363.])                                  ]
 [array([ 8.95567262,  9.2155935 ,  6.97717446,  4.89347938,  8.97315155,
          4.23985481,  8.37244605,  9.57443168,  8.18992128,  3.72967775,
          7.19279768,  5.18319432,  9.07263998,  4.57873996,  6.53744702,
          4.54422183,  7.28075707,  5.65019534,  6.06171545,  5.64028176,
         10.25731729,  7.57948895,  7.83832399,  4.56210205])
  array([4910., 4853., 5054., 5701., 4890., 6078., 4918., 4830., 4920.,
         6271., 5049., 5402., 4879., 5925., 5116., 5946., 4989., 5215.,
         5120., 5340., 4813., 4978., 4926., 5939.])                    ]
 [array([3.07147135, 5.02751933, 3.08100397, 6.62533023, 3.15135357,
         5.32671771, 2.03817368, 8.81613932, 7.57736326, 3.85791187,
         3.55609581, 6.55438918, 3.32063622, 8.54369106, 8.33684487,
         5.41429271])
  array([6096., 4904., 5619., 4775., 5469., 4892., 6171., 4698., 4753.,
         5016., 5255., 4830., 5381., 4718., 4724., 4834.])             ]
 [array([6.28501465, 1.92095994, 2.23461462, 2.11646822, 5.44008882,
         4.04369964, 5.59213465, 3.11649729, 4.51793097, 1.12250525,
         6.50915268, 3.94048206, 1.95639366, 2.33324687, 1.30238057,
         3.02138884, 2.05185144, 1.78271757, 5.64993459, 2.75318822])
  array([4645., 5188., 4985., 5027., 4676., 4696., 4674., 4769., 4678.,
         5634., 4644., 4756., 5162., 4872., 5307., 4780., 5159., 5303.,
         4671., 4829.])                                                ]
 [array([0.71940738, 1.03454688, 3.5888922 , 2.97661704, 2.33163118,
         4.07629921, 4.2875557 , 1.88221459, 0.82048531, 2.13343555,
         2.56872548, 1.24618383, 0.72833833])
  array([5034., 4706., 4564., 4575., 4593., 4562., 4555., 4637., 4729.,
         4611., 4586., 4654., 4746.])                                  ]
 [array([0.00352814, 0.34140699, 0.14177377, 2.84547164, 1.67811786,
         0.58847482, 0.13736482, 0.41542811, 0.00779249])
  array([4595., 4482., 4495., 4439., 4441., 4459., 4497., 4463., 4499.])]]
Puntos de malla [[ 2.71027   7.522949  7.186687]
 [-2.71027   7.522949  7.186687]
 [-2.64784   7.485947  7.178108]
 ...
 [-2.933101 16.694046  5.550352]
 [-2.934143 -3.79277   5.889912]
 [-1.671712 17.240143  5.5413  ]]
Caras de malla [[4118 3277 3312]
 [4269 2491 4298]
 [ 810 4312 4313]
 ...
 [1123 1124 1106]
 [1123   35    2]
 [1123 1106   35]]
